BetaXG	seBetaXG	BetaYG	seBetaYG
-0.025437	0.0109058752523311	0.039061434	0.018971625
-0.018948	0.00990473801818187	-0.05105715	0.017006347
-0.005568	0.0101100626900669	0.030480926	0.017479946
-0.018265	0.0100940075387559	0.016713328	0.017479946
0.013201	0.00974361892243782	0.026260264	0.016981183
-0.006377	0.0101481937236723	-0.004383264	0.017479946
0.001853	0.0132514088102056	0.012603113	0.020068459
0.029343	0.00989380026091665	0.036344293	0.017162108
0.003003	0.00988764327091527	-0.001684587	0.01698615
-0.010659	0.0109264037436127	-0.031129342	0.019202815
0.01345	0.0104229427762118	0.0266903	0.017351658
-0.013841	0.0100460781137884	-0.016270195	0.017774541
-0.00505	0.010660444836611	0.011253419	0.019456412
0.082639	0.0145875697313465	0.072687568	0.024380926
4.4e-05	0.00991437600459322	0.032750955	0.016983104
0.031978	0.0106801177001762	0.023921067	0.018211102
0.023254	0.0104639311019997	-0.01468893	0.017714911
0.042871	0.0115919058551226	0.052513228	0.018655782
-0.003729	0.0123066182947926	0.022498785	0.020354106
0.020106	0.0125813060797498	-0.004591056	0.019950869
0.146223	0.0118766965727937	-0.116997468	0.019198231
0.00738	0.00998506637424081	-0.029836604	0.017071024
0.018377	0.0105161782811878	0.028819772	0.018133996
0.014442	0.0110223668674884	0.018785158	0.017901076
-0.022716	0.00991873016175733	0.009732605	0.017044858
0.085882	0.0265603939345484	-0.007397638	0.046649327
0.129142	0.0132168986973217	0.087128107	0.021154225